20
0 32767 32767 32767 32767 32767 32767 32767 32767 32767 32767 24 19 17 32767 32767 73 45 32767 10
32767 0 7 32 92 32767 32767 63 25 69 32767 32767 32767 47 57 27 27 15 38 33
32767 7 0 32767 82 32767 25 64 32767 32767 72 84 78 97 31 32767 32767 59 59 89
32767 32 32767 0 32767 73 32767 6 99 32767 14 69 32767 22 32767 32767 32767 23 44 62
32767 92 82 32767 0 85 32767 10 9 41 15 53 28 78 20 62 74 32767 32767 11
32767 32767 32767 73 85 0 83 80 74 32767 35 61 18 32767 32767 32767 80 32767 9 32767
32767 32767 25 32767 32767 83 0 32767 32767 41 32767 32767 32767 14 62 33 32767 43 58 32767
32767 63 64 6 10 80 32767 0 59 32767 27 61 3 32767 32767 32767 32767 32767 32767 32767
32767 25 32767 99 9 74 32767 59 0 26 32767 32767 32767 32767 41 32767 32767 48 32767 32767
32767 69 32767 32767 41 32767 41 32767 26 0 32767 32 7 65 32767 32767 32767 32767 25 32767
32767 32767 72 14 15 35 32767 27 32767 32767 0 32767 32767 97 49 66 70 24 32767 32767
24 32767 84 69 53 61 32767 61 32767 32 32767 0 48 32767 71 51 32767 67 1 32767
19 32767 78 32767 28 18 32767 3 32767 7 32767 48 0 37 1 59 54 81 32767 32767
17 47 97 22 78 32767 14 32767 32767 65 97 32767 37 0 25 32767 60 32767 7 92
32767 57 31 32767 20 32767 62 32767 41 32767 49 71 1 25 0 95 6 32767 32767 80
32767 27 32767 32767 62 32767 33 32767 32767 32767 66 51 59 32767 95 0 6 32767 32767 32767
73 27 32767 32767 74 80 32767 32767 32767 32767 70 32767 54 60 6 6 0 67 79 32767
45 15 59 23 32767 32767 43 32767 48 32767 24 67 81 32767 32767 32767 67 0 86 21
32767 38 59 44 32767 9 58 32767 32767 25 32767 1 32767 7 32767 32767 79 86 0 32767
10 33 89 62 11 32767 32767 32767 32767 32767 32767 32767 32767 92 80 32767 32767 21 32767 0
