22
0 32767 79 12 32767 32767 41 94 85 32767 32767 95 98 37 32767 32767 43 92 51 32767 32767 32767
32767 0 67 32767 75 32767 32767 32767 92 32767 32767 32767 32767 9 32767 78 32767 32767 32767 32 32767 32767
79 67 0 29 32767 48 32767 32767 32767 39 44 32767 32767 41 32767 32767 35 32767 32767 32767 32767 32767
12 32767 29 0 32767 32767 32767 32767 66 59 10 32767 75 27 24 66 8 34 98 32767 32767 50
32767 75 32767 32767 0 32767 73 64 85 32767 43 52 32767 32767 32767 32767 39 32767 56 47 93 32767
32767 32767 48 32767 32767 0 12 46 32767 40 32767 4 72 32767 32767 96 67 32767 58 32767 24 37
41 32767 32767 32767 73 12 0 43 75 17 73 100 32767 32767 90 32767 61 11 92 94 32767 3
94 32767 32767 32767 64 46 43 0 32767 27 32767 32767 32767 83 75 32767 32767 13 32767 18 42 32767
85 92 32767 66 85 32767 75 32767 0 2 24 13 74 32767 32767 78 54 84 87 32767 13 71
32767 32767 39 59 32767 40 17 27 2 0 32767 32767 32767 32767 51 32767 32767 6 32767 32767 11 59
32767 32767 44 10 43 32767 73 32767 24 32767 0 98 32767 32767 32767 32767 87 32767 32767 3 21 5
95 32767 32767 32767 52 4 100 32767 13 32767 98 0 32767 20 32767 76 32767 33 32767 32767 84 32767
98 32767 32767 75 32767 72 32767 32767 74 32767 32767 32767 0 37 32767 32767 32767 32767 32767 32767 4 32767
37 9 41 27 32767 32767 32767 83 32767 32767 32767 20 37 0 32767 32767 32767 32767 32767 32767 2 80
32767 32767 32767 24 32767 32767 90 75 32767 51 32767 32767 32767 32767 0 37 7 81 87 41 32767 48
32767 78 32767 66 32767 96 32767 32767 78 32767 32767 76 32767 32767 37 0 32767 32767 32767 35 32767 32767
43 32767 35 8 39 67 61 32767 54 32767 87 32767 32767 32767 7 32767 0 32767 32767 32767 32767 72
92 32767 32767 34 32767 32767 11 13 84 6 32767 33 32767 32767 81 32767 32767 0 21 32767 52 32767
51 32767 32767 98 56 58 92 32767 87 32767 32767 32767 32767 32767 87 32767 32767 21 0 32767 54 32767
32767 32 32767 32767 47 32767 94 18 32767 32767 3 32767 32767 32767 41 35 32767 32767 32767 0 84 7
32767 32767 32767 32767 93 24 32767 42 13 11 21 84 4 2 32767 32767 32767 52 54 84 0 32767
32767 32767 32767 50 32767 37 3 32767 71 59 5 32767 32767 80 48 32767 72 32767 32767 7 32767 0
